0.00 293.00 226.00 248.00 277.00 308.00 140.00 311.00 272.00 107.00 328.00 288.00 312.00 250.00 256.00 313.00 274.00 258.00 266.00 295.00
293.00 0.00 211.00 232.00 238.00 261.00 239.00 267.00 230.00 226.00 101.00 130.00 94.00 236.00 249.00 98.00 235.00 233.00 238.00 274.00
226.00 211.00 0.00 217.00 152.00 162.00 192.00 182.00 163.00 189.00 238.00 248.00 216.00 194.00 163.00 201.00 153.00 209.00 159.00 176.00
248.00 232.00 217.00 0.00 213.00 225.00 208.00 249.00 214.00 192.00 231.00 273.00 222.00 71.00 230.00 224.00 213.00 69.00 217.00 259.00
277.00 238.00 152.00 213.00 0.00 171.00 218.00 212.00 100.00 225.00 257.00 269.00 255.00 216.00 90.00 245.00 0.38 223.00 101.00 209.00
308.00 261.00 162.00 225.00 171.00 0.00 263.00 119.00 186.00 240.00 276.00 273.00 265.00 221.00 174.00 252.00 171.00 227.00 195.00 120.00
140.00 239.00 192.00 208.00 218.00 263.00 0.00 238.00 194.00 92.00 244.00 264.00 281.00 215.00 210.00 253.00 217.00 211.00 198.00 250.00
311.00 267.00 182.00 249.00 212.00 119.00 238.00 0.00 207.00 248.00 273.00 316.00 287.00 263.00 215.00 273.00 210.00 270.00 213.00 11.27
272.00 230.00 163.00 214.00 100.00 186.00 194.00 207.00 0.00 221.00 255.00 284.00 254.00 221.00 45.00 240.00 101.00 221.00 6.50 207.00
107.00 226.00 189.00 192.00 225.00 240.00 92.00 248.00 221.00 0.00 221.00 211.00 237.00 217.00 211.00 227.00 223.00 220.00 217.00 245.00
328.00 101.00 238.00 231.00 257.00 276.00 244.00 273.00 255.00 221.00 0.00 102.00 90.00 259.00 247.00 95.00 254.00 247.00 257.00 288.00
288.00 130.00 248.00 273.00 269.00 273.00 264.00 316.00 284.00 211.00 102.00 0.00 108.00 276.00 290.00 84.00 269.00 269.00 281.00 327.00
312.00 94.00 216.00 222.00 255.00 265.00 281.00 287.00 254.00 237.00 90.00 108.00 0.00 246.00 255.00 97.00 255.00 240.00 252.00 298.00
250.00 236.00 194.00 71.00 216.00 221.00 215.00 263.00 221.00 217.00 259.00 276.00 246.00 0.00 238.00 245.00 217.00 17.49 221.00 268.00
256.00 249.00 163.00 230.00 90.00 174.00 210.00 215.00 45.00 211.00 247.00 290.00 255.00 238.00 0.00 257.00 90.00 236.00 42.13 212.00
313.00 98.00 201.00 224.00 245.00 252.00 253.00 273.00 240.00 227.00 95.00 84.00 97.00 245.00 257.00 0.00 243.00 245.00 244.00 287.00
274.00 235.00 153.00 213.00 0.38 171.00 217.00 210.00 101.00 223.00 254.00 269.00 255.00 217.00 90.00 243.00 0.00 225.00 101.00 207.00
258.00 233.00 209.00 69.00 223.00 227.00 211.00 270.00 221.00 220.00 247.00 269.00 240.00 17.49 236.00 245.00 225.00 0.00 222.00 275.00
266.00 238.00 159.00 217.00 101.00 195.00 198.00 213.00 6.50 217.00 257.00 281.00 252.00 221.00 42.13 244.00 101.00 222.00 0.00 215.00
295.00 274.00 176.00 259.00 209.00 120.00 250.00 11.27 207.00 245.00 288.00 327.00 298.00 268.00 212.00 287.00 207.00 275.00 215.00 0.00
